6034
5157
7281
11346
10047
15128
17210
16134
16115
1549
4528
6727
5676
11377
10830
16694
15126
15159
17301
1624
5501
5099
6739
10393
12032
15220
17166
14170
17119
1589
4526
6368
5817
11401
10891
16088
17110
15442
16462
1532
4546
6848
5701
13259
12011
15193
16860
16333
15696
1556
6284
5132
8223
10515
13190
15597
15919
16389
15862
1504
4482
6364
5697
11436
11028
16510
15674
15105
17165
1531
5622
5151
6855
10511
10357
15115
16915
14747
15793
3066
4488
5125
8602
10363
13468
14853
15722
16523
15625
1540
4498
6603
5679
11865
10980
16417
15353
15121
17224
1542
