1074
2353
7231
11824
16932
21648
26260
31113
36379
948
1087
2367
7152
11892
16678
21526
26389
31339
36084
948
1051
2342
7424
11957
16772
21518
26525
31200
36385
965
1052
2336
7161
11886
16731
21542
26369
31072
36046
962
1063
2357
7166
12045
16884
21690
26300
31485
36254
950
1088
2415
7174
11968
16824
21553
26422
31558
36008
958
1100
2391
7209
11952
16826
21602
26398
31232
36026
946
1061
2343
7071
11907
16916
21459
26391
31395
36085
945
1060
2342
7260
12110
16780
21467
26357
31346
36062
963
1060
2381
7242
11877
16693
21600
26321
31249
36167
994
